80;0
154;0
228;0
287;0
294;0
302;1
307;1
311;0
319;0
323;1
327;2
331;1
336;0
340;1
345;0
353;0
362;0
372;1
376;1
381;0
389;0
393;1
397;2
401;1
406;0
409;0
414;1
422;0
430;0
438;1
442;1
446;0
454;0
458;1
462;2
466;1
470;0
474;1
478;0
487;0
495;0
503;1
507;1
511;0
519;0
523;1
527;2
531;1
535;0
538;1
542;0
551;0
559;0
567;1
572;1
576;0
584;0
588;1
592;2
596;1
600;0
604;1
608;0
617;0
624;0
633;1
637;1
641;0
649;0
653;1
657;2
660;1
664;0
669;1
673;0
681;0
690;0
697;1
701;1
706;0
714;0
718;1
722;2
725;1
729;0
734;1
738;0
745;0
754;0
758;1
766;2
772;1
777;2
780;3
784;2
792;2
794;1
797;2
801;3
805;2
808;1
813;0
820;1
828;2
836;1
840;2
843;3
847;2
855;1
859;0
862;1
864;2
867;1
870;2
876;2
882;1
890;1
898;0
902;1
906;1
909;1
932;0
941;0
948;1
953;1
957;0
965;0
968;1
972;2
976;1
980;0
984;1
988;0
995;0
1004;0
1014;1
1017;1
1020;0
1027;0
1031;1
1035;2
1039;1
1043;0
1047;0
1051;0
1058;0
1066;0
1073;1
1077;1
1081;0
1090;0
1093;1
1097;2
1101;1
1105;0
1108;1
1112;0
1121;0
1129;0
1136;1
1140;1
1144;0
1152;0
1156;1
1159;2
1163;1
1167;0
1171;1
1175;0
1183;0
1214;1
1244;0
1248;0
1252;1
1254;2
1256;3
1260;2
1261;1
1263;2
1267;2
1269;3
1270;2
1273;1
1277;1
1281;2
1283;3
1285;2
1289;2
1291;3
1293;2
1297;2
1298;3
1300;2
1304;1
1335;0
1365;0
1369;0
1373;1
1375;2
1377;3
1380;2
1382;1
1384;2
1388;1
1390;0
1392;1
1396;2
1399;2
1402;3
1404;2
1407;1
1411;2
1414;1
1418;2
1420;3
1422;2
1426;0
1434;1
1442;1
1446;0
1450;0
1458;0
1461;1
1465;2
1469;1
1473;0
1477;1
1480;0
1488;0
1498;1
1505;1
1508;0
1512;1
1513;0
1520;0
1523;1
1527;2
1531;1
1535;0
1539;1
1542;0
1551;0
1559;0
1567;1
1570;1
1574;0
1582;0
1585;1
1589;2
1593;1
1597;0
1601;1
1605;0
1613;0
1621;0
1629;1
1633;1
1637;0
1645;0
1649;1
1652;2
1656;1
1660;0
1664;1
1668;0
1676;0
1707;1
1738;1
1742;1
1746;2
1748;2
1749;2
1752;0
1754;1
1756;2
1760;1
1762;2
1764;3
1768;2
1771;2
1775;1
1777;2
1779;3
1783;2
1785;1
1787;0
1790;1
1792;2
1794;1
1798;2
1828;1
1860;1
1863;1
1867;2
1869;1
1871;2
1874;0
1876;1
1878;2
1882;3
1884;2
1886;1
1889;1
1893;1
1897;2
1899;3
1901;2
1904;1
1906;0
1909;1
1912;2
1914;1
1916;2
1921;1
1923;0
1926;1
1929;2
1933;3
1936;2
1939;1
1941;2
1945;3
1949;2
1950;1
1954;0
1958;1
1961;2
1964;3
1968;2
1969;1
1973;2
1977;1
1979;1
1983;0
1985;1
1987;2
1990;3
1992;2
1994;1
1996;2
1998;1
2000;0
2001;1
2004;2
2006;3
2009;2
2011;1
2013;2
2015;2
2017;3
2019;2
2021;1
2024;2
2026;3
2029;2
2030;1
2032;2
2034;0
2037;1
2040;2
2042;3
2045;2
2046;1
2048;2
2052;1
2054;2
2056;0
2059;1
2062;2
2065;0
2068;1
2070;2
2072;1
2075;1
2080;2
2083;3
2086;2
2090;2
2093;1
2097;1
2101;1
2104;0
2106;1
2108;2
2110;1
2112;2
2116;2
2119;3
2123;2
2126;1
2129;2
2133;1
2137;2
2140;3
2144;2
2148;1
2149;2
2154;2
2159;2
2164;2
2169;2
2173;2
2177;1
2182;1
2188;1
2193;1
2198;1
2202;1
2206;0
2208;1
2211;2
2215;3
2218;2
2221;1
2225;0
2227;1
2230;1
2233;0
2235;1
2238;2
2242;3
2245;2
2248;1
2251;0
2253;1
2255;1
2258;1
2261;0
2267;0
2270;1
2272;1
2277;2
2278;1
2280;1
2281;0
2284;1
2287;0
2291;0
2294;0
2298;1
2300;2
2302;1
2306;0
2308;1
2310;2
2313;1
2315;2
2317;1
2321;0
2327;0
2330;1
2331;2
2335;1
2337;2
2339;1
2343;2
2344;3
2346;2
2350;1
2354;1
2358;0
2359;1
2363;2
2365;3
2367;2
2369;1
2372;2
2374;3
2376;2
2380;1
2387;1
2396;2
2400;2
2405;1
2412;0
2416;1
2419;2
2423;1
2427;0
2430;1
2434;0
2443;0
2451;0
2458;1
2462;1
2466;0
2474;0
2477;1
2480;2
2484;1
2488;0
2492;1
2496;0
2504;0
2512;0
2519;1
2523;1
2527;0
2535;0
2539;1
2543;2
2546;1
2550;0
2554;1
2557;0
2567;0
2574;0
2582;1
2585;1
2590;0
2597;0
2601;1
2604;2
2608;1
2612;0
2616;1
2619;2
2636;1
2640;2
2647;0
2653;1
2658;2
2661;3
2665;2
2671;2
2673;3
2677;2
2680;1
2684;2
2687;1
2694;2
2699;1
2706;0
2713;1
2717;2
2720;3
2724;2
2731;1
2732;2
2736;1
2740;2
2744;1
2747;3
2754;0
2760;1
2765;2
2774;1
2777;0
2781;0
2785;0
2900;0
2928;0
2960;1
3023;2
3028;1
3036;2
3037;1
3050;0
3052;1
3053;2
3055;1
3066;1
3069;1
3072;2
3074;3
3078;1
3080;2
3083;1
3085;0
3095;0
3096;1
3097;2
3098;1
3112;0
3114;1
3115;2
3117;1
3127;1
3130;2
3133;3
3135;2
3138;1
3140;2
3144;1
3150;0
3152;1
3154;2
3156;1
3159;1
3161;2
3165;1
3166;1
3169;2
3172;1
3173;2
3176;1
3179;2
3182;0
3184;1
3186;2
3189;1
3193;2
3196;3
3199;2
3203;1
3204;2
3209;2
3213;1
3215;2
3218;1
3220;0
3222;1
3225;2
3226;1
3230;2
3233;1
3237;2
3239;1
3242;2
3244;3
3248;2
3251;1
3253;2
3256;3
3259;2
3263;0
3268;0
3274;0
3279;0
3286;0
3289;0
3292;1
3297;2
3302;1
3306;2
3310;1
3314;2
3318;1
3323;0
3336;0
3337;1
3339;2
3353;2
3355;1
3356;2
3369;1
3372;1
3375;0
3377;1
3380;0
3383;1
3386;1
3387;2
3389;1
3399;1
3400;2
3402;1
3416;3
3418;2
3420;3
3430;3
3433;2
3436;1
3438;0
3440;1
3443;2
3445;1
3449;2
3454;2
3457;3
3463;3
3464;2
3466;3
3481;2
3483;1
3485;0
3496;1
3499;1
3501;2
3504;3
3507;2
3510;1
3512;0
3516;1
3518;2
>>>>>>> bfcd68847fe93037a8c75c01508f7441d83be03b
22;0
27;1
31;2
